allbuoyslist=[41002
41004
41008
41009
41010
41013
41024
41025
41029
41033
41037
41038
41040
41043
41044
41046
41047
41048
41049
41052
41053
41056
41064
41108
41110
41112
41113
41114
41115
41117
41159
42002
42003
42012
42013
42019
42020
42022
42023
42026
42035
42036
42039
42040
42055
42056
42058
42059
42060
42085
42095
42097
42098
42099
44005
44007
44008
44009
44011
44013
44014
44017
44020
44022
44024
44025
44027
44029
44030
44032
44033
44034
44037
44039
44040
44056
44058
44062
44063
44065
44066
44072
44073
44086
44087
44088
44089
44090
44091
44095
44097
44098
44099
44100
46001
46002
46005
46006
46011
46012
46014
46015
46022
46025
46026
46027
46028
46029
46035
46041
46042
46047
46050
46053
46054
46061
46066
46069
46070
46072
46073
46076
46077
46078
46080
46082
46083
46084
46085
46086
46088
46089
46092
46097
46098
46099
46100
46108
46114
46211
46213
46214
46215
46218
46219
46221
46222
46224
46225
46229
46232
46235
46237
46239
46240
46243
46244
46246
46248
46251
46253
46254
46256
46258
46259
46264
51000
51001
51002
51003
51004
51101
51201
51207
51208
51209
51211
51212
52200];
